379921470098948|02|2029|0000
379921470502352|08|2032|0000
379921470431016|04|2031|0000
379921470431016|09|2030|0000
379921470334152|12|2031|0000
379921470098948|11|2031|0000
379921470127010|03|2031|0000
379921470961095|12|2027|0000
379921470177106|04|2031|0000
379921470177106|10|2025|0000
5154620016908541|07|2029|286
379921470336801|05|2030|0000
379921470120619|07|2025|0000
379921470688284|02|2030|0000
379921470535543|12|2029|0000
379921470340381|12|2031|0000
379921470266883|01|2030|0000
379921470120619|01|2025|0000
379921470120619|05|2031|0000
379921470068594|01|2032|0000
379921470740697|06|2029|0000
379921470509571|01|2027|0000
379921470490053|09|2030|0000
379921470490350|09|2030|0000
379921470490467|09|2030|0000
379921470490509|09|2030|0000
379921470490657|09|2030|0000
379921470490913|09|2030|0000
379921470491127|09|2030|0000
379921470491192|09|2030|0000
379921470491515|09|2030|0000
379921470491655|09|2030|0000
379921470492265|09|2030|0000
379921470492778|09|2030|0000
379921470493214|09|2030|0000
379921470493388|09|2030|0000
379921470494188|09|2030|0000
379921470494311|09|2030|0000
379921470494410|09|2030|0000
379921470494543|09|2030|0000
379921470494923|09|2030|0000
379921470495227|09|2030|0000
379921470495409|09|2030|0000
379921470495425|09|2030|0000
379921470495938|09|2030|0000
379921470498106|09|2030|0000
379921470498122|09|2030|0000
379921470498130|09|2030|0000
379921470498262|09|2030|0000
379921470498312|09|2030|0000
379921470498650|09|2030|0000
379921470498668|09|2030|0000
379921470499468|09|2030|0000
379921470148057|07|2025|0000
379921472690031|04|28|0000
4660790003265179|09|27|000
4660790005047682|09|27|000
4660790005378160|09|27|000
4660790006921547|09|27|000
4660790009713685|09|27|000
379921479688236|12|2028|0000
379921471823443|05|2028|0000
379921470509514|10|2027|0000
379921470692070|05|2029|0000
4979360002485610|09|26|413
5195359848723015|10|24|595
4693080254907187|08|27|889
4408140247935319|07|2026|452
4159760013971296|09|2026|193
4232231087843135|11|2025|506
6011000990033361|01|29|000
6011000990033361|08|31|000
6011000990033361|08|2031|719
6011000992091375|02|2028|421
6011000999887221|08|2027|274
4628450060986115|02|2028|215
5144780002154386|09|2028|984
4232230182753066|12|24|955
4661601218858519|11|24|736
4708890901306754|06|27|675
4713650314967946|10|25|776
4724090608863575|01|27|769
4724090622056065|06|26|766
4737029112552055|08|26|815
4737034062721866|04|26|612
4748440030741299|07|29|745
4748440290332318|04|28|764
4658850200392483|05|25|964
5264711012399301|05|2027|863
5264711006598892|08|2026|441
5264711003683127|09|2026|099
4848100077656409|03|2028|152
5261633333941368|12|2026|338
5115410021940756|09|2025|513
4537472630240013|06|28|354
4541982335788631|10|25|678
4539669012948125|02|27|256
4222823000982560|07|2032|684
4222823000739051|01|2025|337
6011000062395433|12|26|850
5163660007949608|11|25|109
4786700001073847|04|26|977
4789753015588620|03|25|527
4799610416962580|03|26|340
4799689030678244|07|26|879
4799689030801234|07|26|529
4842810530489273|07|27|968
4847980002139758|05|27|842
4848100059612651|06|25|763
4848100066924834|10|26|981
4258284539126244|07|2028|862
6011000999569712|05|2030|889
4031630157357590|01|29|588
379016491733621|05|25|3305
4148460192611094|11|24|524
4152313764017955|11|25|837
4403934199310439|06|26|669
4263678320691600|06|2028|743
4347690261234084|09|2028|478
4185050030449114|12|2026|808
4185050030453934|10|2029|365
4185050030489474|12|2029|472
4185050030421196|10|2025|184
5178008304762915|02|2026|896
5424322816341296|10|2025|668
5178058007746152|04|2029|690
5356667998682442|10|2025|673
4169161444120124|03|2029|764
5466160300662176|11|2028|308
5159420139031742|07|2028|016
4744760308047176|03|2028|144
4027830000113275|02|26|881
376763230134008|10|26|7822
4031630817057416|04|29|836
4031630221876096|01|29|824
4031630316386019|06|29|205
4031630875207317|05|29|210
4097580180497700|06|30|664
4108810058665360|01|25|795
5109330009586215|08|26|923
4848100076438262|01|2028|195
4000222976502676|12|27|043
4000223037218435|02|28|341
4000223098595473|05|28|659
4003449615547658|10|24|078
4037660626738637|01|28|568
4037661263630780|12|28|829
4100390665139594|03|27|205
4100390743275667|09|27|962
4133310563721427|02|28|423
4143980540408393|03|26|441
4147097862673755|09|28|084
4147098801498502|08|28|904
4147769400128241|11|26|751
4147788808844548|01|27|165
4232230267392376|04|27|877
4326292001827437|11|28|888
4347690344473642|12|28|331
4347696943124007|10|28|883
4366183293420307|12|27|442
4447962576381929|03|27|748
4447962772821223|05|27|112
4465420519304612|04|27|658
4744770181390197|09|28|153
4744780152437570|10|28|061
4867966917515922|05|29|006
5480090104415517|02|2026|555
5363470005447250|03|2026|148
6505120009848147|10|2024|826
4935310211966101|05|2027|593
5534690197310354|04|2027|106
370310025131892|11|2027|0000
4154644403845671|10|2032|649
4154644403845721|10|2028|541
4154644403847453|04|2026|170
4154644403842108|12|2025|688
4154644403847941|06|2029|133
4154644403841035|11|2026|778
4154644403848915|11|2028|458
4154644403841340|02|2030|905
4154644403842694|05|2029|663
4154644403843106|05|2026|531
4985032117883508|10|27|086
4833130055014674|11|26|792
370310025169835|11|2027|0000
371750013238002|12|27|7565
375150021862438|05|29|9671
4031630145350731|08|29|842
4031630477976533|08|29|655
4031630504723809|10|29|533
4130370101600890|10|27|666
4133310208910195|07|25|956
4147099382512323|02|28|503
4207670270164034|02|27|137
4350260000048999|03|25|990
4358894030058727|04|27|509
4520840023793898|02|26|637
4580411160272869|10|28|638
4599962094873130|05|28|624
4741653005158557|04|28|248
4871040240717599|04|27|484
4931090578833409|09|29|082
5131423655402225|11|24|189
5158571191302925|01|28|650
5277726600026160|07|27|926
5333171152619975|09|27|519
5466160532485081|06|27|354
5466309628531015|04|29|387
4741653005158557|04|2028|248
5170402344919361|06|2028|895
4152313641522763|05|2025|421
5513430030383069|02|2027|663
4347690022161568|04|2028|137
5143772317998566|10|26|031
5254750120480811|10|27|673
4232230143568140|07|27|261
4342562443806730|09|26|084
4120550077622695|06|2028|885
4868951584130030|01|28|952
371718886071008|09|25|6834
4610460230008351|02|26|878
4351420040124726|11|26|074
5156769010744812|07|26|914
4342562495805069|05|28|858
4361271030915500|11|2031|935
4859540000199660|03|27|047
5228790015897409|09|2025|820
4284865217735047|10|24|934
4563642122178197|11|24|364
5445446933061035|08|2026|300
5445446912836209|11|2025|705
5445446927805678|01|2026|925
5445446911964333|07|2025|502
5445446920851125|03|2026|837
5445446924391433|12|2026|603
5445446914721813|11|2025|673
5445446922801011|09|2026|549
5445446919397015|12|2024|577
5445446935096518|02|2027|239
5445446930767774|03|2027|686
5445446915472093|10|2025|713
5445446926686079|11|2026|981
5445446938256507|02|2027|485
5445446921458441|11|2026|490
5445446938254346|02|2027|400
5445446915673955|04|2025|150
5445446948179624|01|2027|567
5445446933281039|02|2027|236
5445446910344560|02|2025|703
5445446913974454|09|2025|325
5445446929160189|06|2026|334
5445446927313954|03|2026|377
5445446927313954|03|26|377
4985032061085456|05|26|246
5129925996711993|05|27|299
5178058169508879|06|26|389
5178059070021150|02|27|802
5178059670821769|03|28|440
5236800106262890|08|26|804
5328390269847959|05|29|270
5407070087664265|08|26|617
6011002419041314|10|27|785
4060680217733045|06|27|887
4361271037707116|04|31|287
4361271042921371|12|30|901
4361275002424193|07|27|668
4432644901593538|10|26|891
4519912149667984|02|25|335
4519912182504888|07|27|898
4519922124849432|09|25|709
4519932081424897|09|27|568
4744760196522611|09|27|908
373914721501006|09|26|3780
379314284621008|05|26|6605
4003447965368832|04|27|393
4037660056563448|04|26|086
4037840126892056|11|25|021
4037841931140848|12|28|758
4039056367939864|11|26|525
4081810002111249|05|25|566
4108940057350696|05|26|959
4133310392452491|05|27|326
4147097902597782|10|27|639
4147099966671552|07|28|137
4147202323082709|09|26|076
4147242011633769|03|26|333
4207670251252550|12|25|747
4207670306754915|03|29|189
4217832008575133|07|25|428
4217836003838214|05|26|599
4270829073097120|02|26|127
4271222664098591|07|28|232
4342562413582022|06|25|287
4342920265588333|07|26|445
4347697094263677|04|28|600
4350293370300005|02|25|612
4361271037023415|12|30|265
4400665662584562|07|28|061
4403933820381918|02|27|967
4403935206946065|03|28|033
4403935393506581|02|28|071
4427565012485511|04|29|179
4447962496031653|03|26|585
4549516859745163|04|27|340
4685513304215011|07|27|050
4737034024360100|04|27|525
4815820173197078|10|26|230
4833120180246507|11|28|235
4833160256418366|10|27|455
4833160261329889|02|28|850
4888921012427825|05|28|749
5108050235687725|07|26|418
5113614412975873|07|26|549
5156767491033218|01|26|007
5156768911305392|10|26|181
5178058062395804|01|26|942
5178059847417731|11|27|409
5312600153951065|03|2028|116
5275190042837548|03|2029|205
4659018710591015|11|2027|890
5474152292483299|08|2029|667
4363385371603026|05|2026|910
4854641244258703|06|2028|683
4833111500456256|09|2028|872
5462688015232293|03|2025|357
6011208879631029|06|26|414
4161830100797783|07|27|828
4113520038651454|10|2028|898
4411037147167677|02|2028|050
4147202650236365|12|28|819
4791267383244076|08|2026|290
379016832096068|01|2026|0000
376431000101942|11|2029|3861
5154620020444574|05|2030|978
4833130063341697|09|2028|761
4833130063393540|09|2028|731
4985031021078205|09|25|339
5178057521744578|09|25|617
4482330185201035|12|28|676
379363043856207|09|2034|0000
4155682001736164|09|2027|789
4418409430893330|03|2027|487
370310023412906|02|2025|0000
370310025039210|11|2025|0000
379363030220284|07|2026|0000
371588809173003|07|2029|0000
4403934851101027|11|2027|621
379779691476008|02|27|2678
373490742675004|09|27|1456
5115162604113992|01|26|136
5447686192750574|02|25|082
4263706632470379|04|27|942
5447685847387857|10|24|525
372246850141002|02|27|0090
4086350456260064|12|24|144
5581585420853034|08|26|114
5464190000895299|12|24|335
4232231010946450|03|25|847
4222823000950286|11|2027|363
4531770008040824|06|26|200
4222823000617208|08|2025|478
377670275637192|05|28|0000
4037660047580014|06|27|336
4744770173905044|03|2027|748
4744740100068745|11|2026|416
5178006884306715|04|2027|261
5275180003533707|01|2029|811
4003448233171909|02|2028|715
4263707753770142|06|2025|360
4867966911630552|06|2027|526
4555113009263098|12|25|834
4555113009255797|12|25|150
4555113009250004|12|25|271
4555113009225675|12|25|798
4331820000816812|11|2026|000
4331820000817752|11|2026|000
4990010809728143|11|2025|954
4384823515596289|01|2027|373
4331820000819709|11|2026|669
5554260172008798|09|2027|842
4628450052884765|08|2026|254
4043130012196024|05|27|527
4059986067061517|12|24|405
4059986079500288|08|26|841
4059986095271088|07|28|844
4059986101896191|05|29|594
4059986101983494|05|29|232
4059986102327188|05|29|923
4848100078108798|03|28|163
5574328793257148|06|2025|994
5568628200694090|07|2025|919
5167678893650649|09|25|911
4097580033830917|07|29|544
4100390665910192|07|27|843
4100390678653052|05|27|405
4107930006336558|06|26|975
4112380070247310|11|26|504
5523508201348009|06|2027|027
5332241007606948|11|2024|124
5220780325363398|01|2027|740
5571134417588691|09|2025|856
5355860505811163|08|2027|822
4031630102578985|05|29|155
4031630262302275|01|29|192
4031630285755954|03|29|205
4031630752962075|03|29|408
4031630904237103|11|28|653
4031631207742583|05|29|807
4031631233668760|05|29|098
4147768579646637|06|28|686
4168600010404629|12|26|605
4229570410381601|12|27|944
4514400045063727|06|27|164
4737023094676321|06|27|555
4758330001568135|09|25|174
4833140018901172|08|27|589
4985031113460998|02|28|321
5143772353401277|07|26|757
5143773056917759|07|27|603
5187251843005243|06|29|629
5253636831759679|10|27|943
5314620055213578|11|24|260
5498061066481045|05|29|892
6011014450123646|02|26|409
5132690041884493|11|2025|088
4985031175808621|04|2027|520
5466160154022451|03|2027|428
5178059907191473|09|2027|310
5355220707492355|12|2024|670
4100390167193685|09|2027|220
4400663334723072|06|2028|376
4403934746370811|09|2028|050
4403934725866557|01|2028|228
5322155973695143|07|2031|273
5181550005624675|07|2025|399
4403934892571188|10|2027|713
379363030314798|04|2026|0000
370310022342195|02|2025|0000
3540417466050066|09|28|000
3569890004290285|02|26|000
3582775173789782|01|27|000
3584030097858943|06|25|000
4563310042989883|05|2028|353
4744770068454124|07|2026|813
5514610103098970|08|2026|792
4060425582537922|06|2029|685
5143773868905109|09|2026|176
5108050282576615|01|28|806
5108050283429129|01|28|386
4459520554714001|12|2027|812
5182130106322302|10|25|609
5108050192541923|12|27|969
5108050127978679|11|27|798
5466451132355331|11|26|090
4347695015114219|05|27|537
4519912204059978|10|2028|094
370310025423950|02|2029|0000
370310025657219|12|2028|0000
370310025607594|11|2034|0000
370310025541207|11|2024|0000
370310025067294|06|2025|0000
377670275374218|05|2028|0000
377670275103286|05|2028|0000
377670275380546|05|2028|0000
377670275104896|05|2028|0000
377670275318652|05|2028|0000
377670275256134|05|2028|0000
377670275683154|05|2028|0000
377670275682941|05|2028|0000
377670275089451|05|2028|0000
377670275629843|05|2028|0000
377670275362809|05|2028|0000
377670275538291|05|2028|0000
377670275471865|05|2028|0000
377670275160278|05|2028|0000
377670275389547|05|2028|0000
377670275637192|05|2028|0000
377670275458631|05|2028|0000
377670275641509|05|2028|0000
377670275651409|05|2028|0000
377670275513278|05|2028|0000
377670275632417|05|2028|0000
377670275316250|05|2028|0000
377670275705643|05|2028|0000
377670275237019|05|2028|0000
377670275385792|05|2028|0000
377670275287519|05|2028|0000
377670275146509|05|2028|0000
377670275680341|05|2028|0000
377670275062391|05|2028|0000
377670275325087|05|2028|0000
377670275245806|05|2028|0000
377670275604739|05|2028|0000
377670275631807|05|2028|0000
377670275273014|05|2028|0000
377670275495278|05|2028|0000
5264710319273854|09|27|287
4628450057983703|07|27|886
4030990201569488|12|2026|833
5510460040601997|03|2026|741
4482330116901497|01|2026|125
4628450049777932|07|26|739
4848100072750066|10|2027|135
372810747343053|10|2026|7493
4059986091191223|12|27|465
4400430225740437|07|2025|493
5568628200699412|11|2029|799
4471170010051152|01|2029|765
4856310015220882|05|2029|138
4043130012310617|05|2027|981
4693080403796366|06|2027|296
4471170010032814|07|2031|338
4471170010031980|05|2032|843
4471170010085960|06|2029|141
4471170010023961|10|2031|706
4471170010030578|09|2032|569
4471170010062548|12|2035|851
5270697374768047|11|26|379
4283322076823911|08|24|079
4066699925680953|08|24|714
4430510063071369|05|25|991
4342562450118979|09|26|483
4342565004251196|11|25|926
4117704084952232|11|26|421
4046090085541000|09|28|639
4430460098901521|07|26|008
4342562376371140|12|24|839
4713967101748044|09|24|256
5143773654187847|08|27|640
379363032249521|11|2026|0000
5464971455647677|03|2028|908
4363870144965109|04|2026|318
5242430000228599|09|2024|727
4033060089126129|05|29|990
4693080254694181|04|27|713
5367640002306743|06|25|835
4000222310143781|05|2025|520
4833140017626309|11|26|474
5143773599150488|08|27|101
5143773138080717|08|27|919
4946380198132669|05|27|669
5143773715394788|08|27|220
4946380011592032|08|27|773
4589590000044975|10|28|187
4000222342487255|07|25|285
4232230295791854|12|27|034
379363035183768|11|2026|0000
4628450059353533|11|2026|833
379363035182653|11|2026|0000
379363035180681|11|2026|0000
379363035186480|11|2026|0000
379363035182158|11|2026|0000
379363035181234|11|2026|0000
379363035188569|11|2026|0000
379363035184832|11|2026|0000
379363035184501|11|2026|0000
379363035180632|11|2026|0000
379363035187819|11|2026|0000
379363035187934|11|2026|0000
379363035180574|11|2026|0000
379363035183198|11|2026|0000
379363035186324|11|2026|0000
379363035188742|11|2026|0000
379363035182794|11|2026|0000
379363035188064|11|2026|0000
379363035189542|11|2026|0000
379363035185847|11|2026|0000
379363035188916|11|2026|0000
379363035185268|11|2026|0000
379363035185680|11|2026|0000
379363035183081|11|2026|0000
379363035181275|11|2026|0000
379363035185094|11|2026|0000
379363035180947|11|2026|0000
379363035182380|11|2026|0000
379363035182489|11|2026|0000
379363035183701|11|2026|0000
379363035189138|11|2026|0000
5100193203918496|07|2026|273
5311063152483971|04|28|166
4985032167979735|02|28|088
4750556118974588|05|29|678
4482330181178286|01|28|599
4060425582537922|06|29|685
4031630304791576|11|28|591
4000222365031378|08|25|247
5294158190890590|08|2024|979
5148919010272139|03|2027|266
6011208892441372|03|2025|915
5591840148918025|04|2026|960
5312600151504205|12|27|021
5237820103697459|04|26|214
5207379564882080|09|28|885
5171488565122412|09|28|220
4782002072982020|02|29|607
4432646232419630|05|29|556
4060681119122170|08|26|359
5275150131059784|03|29|811
4684510470756415|04|26|038
5355220818148177|07|27|923
5178058439705446|07|26|876
4833120188777966|06|29|727
4815820306190446|03|27|724
4427562018090536|11|28|113
4347698049678068|12|28|421
4232233018408194|02|28|433
4232231014106168|11|26|623
4207670272322911|04|27|522
4060680180488676|08|26|166
4347692046765721|10|27|519
4833160280147452|02|29|510
4848100066104569|09|2026|551
4000220936572896|04|2026|693
5129925069372673|08|25|164
5245810036403166|05|25|693
4347690024186480|04|29|545
4033060017695195|03|29|549
4403935384787885|11|28|357
4403935440774067|09|28|389
5143772813591493|05|27|177
5295800196632521|03|27|061
6011008110717151|04|27|719
5143773320277014|01|28|222
4347698052727042|10|28|959
5275150051932499|08|26|453
5187258458208236|01|28|956
5275150068536416|01|28|196
5108050256527966|04|27|903
4207670260565398|07|26|874
4207670282912271|11|27|625
5178058488505309|07|28|238
4819690083858010|07|27|784
4493910078544794|05|2027|383
4833120177579068|09|28|505
4794040001705704|05|25|865
4427567036534373|03|27|137
4427550220976410|02|29|154
4253000311552349|10|27|446
4207670302706182|12|28|785
4033060069753827|11|28|475
375150098596240|03|25|7584
4815820337280463|01|2028|545
4815820337282865|10|2031|301
4815820337288763|02|2027|505
4815820337283962|10|2030|286
4815820337283210|11|2027|959
4815820337288136|02|2033|526
4815820337281420|10|2029|322
4815820337282758|06|2033|339
4815820337282519|08|2034|447
4815820337285041|05|2028|442
4815820337283954|06|2031|428
4815820337282519|09|2027|967
4815820337288391|09|2034|487
4815820337281750|06|2025|774
4815820337282519|12|2035|156
4815820337282170|11|2034|949
4815820337282519|09|2024|539
4815820337282410|05|2028|445
4815820337283962|11|2030|805
4815820337289027|03|2030|748
4815820337280513|11|2028|580
4815820337283962|05|2031|876
4815820337281792|10|2024|929
4815820337289605|11|2027|387
4815820337288136|12|2035|145
4815820337286957|09|2027|841
4815820337287310|11|2034|695
4815820337287583|01|2032|755
4815820337283517|01|2026|924
4815820337283160|08|2032|585
4815820337280356|03|2026|877
4815820337283954|10|2033|621
4815820337286593|03|2026|366
4815820337283012|01|2032|649
4815820337287203|10|2035|305
4815820337285983|07|2028|511
4815820337286304|08|2035|296
4815820337282170|01|2035|702
4815820337281750|01|2030|857
4815820337288607|02|2034|147
4815820337284812|08|2029|356
4815820337281750|07|2030|730
4815820337288763|11|2025|102
4815820337280158|02|2034|783
4815820337281248|05|2025|469
4815820337283210|07|2031|758
4815820337287583|11|2029|137
4815820337282410|05|2032|370
4815820337286189|07|2026|180
4815820337284812|08|2026|898
4815820337286239|03|2033|431
4815820337282865|10|2028|265
4815820337283715|10|2025|556
4815820337281248|01|2025|983
4815820337281974|10|2030|204
4815820337283517|03|2031|468
4815820337282410|11|2030|965
4815820337282980|08|2026|634
4815820337288763|12|2032|274
4815820337287468|08|2033|481
4815820337289027|01|2033|102
4815820337285041|05|2028|255
4815820337288235|10|2035|291
4815820337287492|02|2034|830
4815820337283541|06|2028|802
4815820337283897|03|2031|275
4815820337283012|07|2030|948
4815820337280463|05|2025|540
4815820337286593|08|2034|537
4815820337282170|04|2025|510
4815820337284812|02|2033|104
4815820337284820|11|2025|260
4815820337282618|04|2027|667
4815820337289472|04|2031|762
4815820337286130|11|2032|975
4815820337280356|10|2033|456
4815820337283079|04|2028|847
4815820337287385|12|2035|909
4815820337286304|11|2029|894
4815820337283012|03|2025|409
4815820337281792|09|2031|824
4815820337280463|01|2031|702
4815820337280125|09|2025|500
4815820337286932|04|2025|743
4815820337282758|06|2027|199
4815820337282014|07|2035|673
4815820337287153|06|2033|330
4815820337282410|01|2030|505
4815820337286304|10|2035|195
4815820337281362|11|2030|641
4815820337288763|06|2032|729
4815820337283954|04|2025|371
4815820337286593|08|2034|690
4815820337285983|06|2029|668
4815820337284861|07|2030|873
4815820337285074|09|2034|587
4815820337286874|10|2030|381
4815820337282758|09|2025|695
4815820337281248|12|2033|138
4833160128020481|05|27|146
4207670278557676|08|27|046
5148090000143852|01|27|419
5211050013414320|10|26|547
4031630343936109|01|29|143
4427567007453702|03|27|341
4833160270575753|07|28|547
4985031133546404|12|27|979
4117737028197357|12|27|324
4628450046559366|01|2026|970
6011002847526878|05|25|487
5275150065307944|09|27|474
4985031171606854|10|2026|630
4403934967833307|05|28|246
5351970030362162|01|25|003
4342580186315115|03|26|910
4060681120330705|12|27|750
4033060023614222|07|28|726
4000223078434255|04|2028|512
5187250054795898|03|2027|750
4147342050829649|02|2031|535
4628450059353533|11|26|833
5110540155655245|05|2025|217
4232231127062597|05|27|494
4000222165761851|09|24|477
4514310023927829|08|25|070
5178059492996484|09|24|868
4347695016701774|03|29|064
4032640154739822|09|26|885
4342562389340124|02|25|512
4000222980046215|12|27|284
4397078161161160|01|26|895
4347697115013713|06|29|773
4229570737038983|12|27|614
5181550014956134|02|26|657
5129925106347894|09|27|187
5187255856684703|03|28|431
4833120169325108|02|28|868
5187255658866490|06|29|479
377293488004009|12|28|1796
379576184975003|08|28|3084
4000222574824670|06|26|204
4347690241257171|02|25|996
4347692052354246|11|28|524
4403935371737216|10|28|234
4502100007462180|12|25|941
4610460315101550|04|29|532
4680056032542285|02|29|772
4685700052255634|10|27|118
4833120171788624|04|28|848
4833160257777034|11|27|243
4867960062514343|02|27|399
4985031170448639|03|26|911
5129925813627257|06|27|229
5236520068769647|01|29|425
5291499851039561|12|27|298
4432385619384089|04|26|407
372342611573003|04|25|9504
5292637911574395|02|27|986
5110540152898145|06|27|829
4312311115445450|10|28|618
4895041400648378|01|29|993
4263705075850311|02|26|679
4537375059372029|12|27|967
5220940127810745|12|28|776
4381082434328273|04|2030|255
5325120000359102|12|2025|070
4180210905322060|10|2026|617
4196480008431686|08|2026|414
4334770080415521|04|2025|062
4355460263536897|05|2028|906
4017950039632947|11|2024|696
5247080805388554|04|2025|173
4737034062233557|05|2027|034
4427567036534373|03|2027|137
5154620016623504|04|26|336
4284863516246469|08|24|912
5594940253890097|04|26|794
4304450802704561|07|2026|564
4889506023975067|10|2026|671
4966230236348089|08|2024|024
4141700007114181|11|2026|633
4611006079211843|06|2027|698
5530561430989102|05|2028|547
4848100063826396|03|2026|819
4111972241187481|08|30|369
4043130006277277|03|2026|314
4364340002276865|01|2028|719
6011006928563668|01|2029|866
5178006947981165|05|2026|294
5509890995006045|03|2031|164
5581585516003569|02|26|714
5218074001823204|06|28|393
4189281048165022|09|2026|827
5528695926724385|03|2029|640
5204165998278596|10|2028|610
4533049115000213|09|26|528
6011001726876289|01|2027|669
4680056032543069|02|2029|340
4680056032542285|02|2029|772
4398189010698002|08|28|793
4398490000125307|12|24|950
5166487402392235|04|2025|698
5131626009895262|10|2025|437
4430473003080687|03|26|147
4135025106419267|07|2026|738
4381170006910352|10|26|936
6011005461602966|10|2026|379
4835610447829093|02|2026|970
4430440029268133|02|27|073
4970407763207086|11|2024|084
4777780033213380|04|2026|139
4151150010566828|09|2025|206
5218531110979821|05|29|500
5107968664131645|03|2026|160
6011001669115349|03|27|343
372659919271042|03|2027|2587
4946380020123266|08|2026|223
6011002652287871|07|2028|378
371785666307001|05|2026|1402
379763089402008|11|2026|7266
374279336941008|08|2027|5549
374274007482010|09|2026|9452
374016007361003|10|2026|1049
4180160071314369|12|2026|833
5488862000931041|12|2027|281
5108050276926875|10|27|480
5383990152759237|03|2028|007
5166480494152401|05|25|959
4833160283125109|02|2029|150
5166487214802280|08|2024|226
4054770256817144|11|2024|741
4031630524569620|04|29|529
6011005746444531|06|29|233
5108050245287458|11|26|475
4381086430559468|11|27|608
4610460285040044|12|28|926
4361270029510405|03|29|074
6011001987179845|06|27|266
4232232170100185|05|27|256
5108050167761498|10|27|961
4454230791161991|05|30|005
5288470078817316|01|26|185
4985032184622490|06|28|153
4000222720353384|12|26|388
6011008279153891|01|28|824
5143773509665799|01|28|427
6011007510896854|12|27|940
4100400198264478|11|26|486
6011007428384290|10|24|945
4563773007459558|03|26|274
4043130013075045|07|27|971
4222432000058635|10|28|791
4693080249806171|12|26|706
4059986103780948|08|29|888
5591840158138647|04|26|627
4373034237509278|11|27|646
4427568021962074|06|28|722
4278320020212097|10|25|111
4736227245570793|09|25|589
379702940785003|10|24|7801
4059986085984898|06|27|948
4299270001709238|12|24|932
4263708199380520|06|26|600
5591840178544642|03|26|125
4705230022934999|09|25|997
4135025106419267|07|26|738
4059986089370995|09|2027|274
5154620024614321|09|2031|450
4391242405845378|01|2025|708
4537344883977015|05|2027|047
4441114411535121|09|29|878
4478078809851968|09|2025|700
